01 00:03, 040101 =>  230301,   9, 000353
01 09:19, 130101 =>  220101,  27, 000478
01 01:45, 040101 =>  210401,  54, 000642
01 00:35, 150101 =>  110301,  79, 000909
01 01:02, 150101 =>  120401,  69, 000173
01 01:24, 150101 =>  110101,  53, 000200
01 02:02, 150101 =>  150701,  43, 000578
01 11:01, 150101 =>  150201,  37, 000767
01 11:38, 150101 =>  150601,  93, 000732
01 12:15, 040101 =>  050101,  92, 000453
01 14:50, 130101 =>  200601,  81, 000384
01 15:01, 150101 =>  120401,  27, 000610
01 15:36, 040101 =>  080301,  88, 000183
01 15:51, 040101 =>  080101,  36, 000423
01 16:17, 130101 =>  131201,  66, 000184
01 16:36, 150101 =>  022001,  46, 000429
01 16:42, 150101 =>  100701,  15, 000942
01 19:39, 040101 =>  080501,  34, 000627
01 19:41, 150101 =>  021201,   5, 000827
01 19:53, 040101 =>  211301,  31, 000367
01 19:57, 150101 =>  090601,   9, 000039
01 20:16, 040101 =>  080401,  49, 000160
01 20:21, 040101 =>  081201,  12, 000637
01 20:23, 130101 =>  130701,   5, 000165
01 20:32, 040101 =>  030401,  23, 000756
01 20:36, 150101 =>  090101,   8, 000907
01 20:41, 040101 =>  080601,  13, 000270
01 20:43, 150101 =>  120401,   6, 000785
01 20:45, 150101 =>  100101,   5, 000907
01 20:48, 040101 =>  030301,   7, 000436
01 00:51, 130101 =>  130801,  81, 000499
01 01:38, 150101 =>  120101,  75, 000209
01 01:59, 130101 =>  010401,  32, 000222
01 03:00, 150101 =>  020501,  97, 000043
01 03:42, 130101 =>  160401,  66, 000683
01 03:42, 150101 =>  150901,   1, 000374
01 04:29, 040101 =>  050601,  74, 000644
01 04:58, 150101 =>  070101,  46, 000834
01 05:37, 150101 =>  021301,  61, 000577
01 06:06, 040101 =>  050301,  46, 000778
01 06:51, 150101 =>  110301,  70, 000671
01 06:53, 040101 =>  040501,   4, 000297
01 07:46, 150101 =>  021601,  83, 000089
01 08:26, 040101 =>  080501,  63, 000539
01 09:24, 150101 =>  100901,  93, 000108
01 10:05, 150101 =>  100701,  64, 000180
01 10:32, 150101 =>  020701,  42, 000111
01 11:27, 040101 =>  210401,  88, 000039
01 12:10, 040101 =>  180301,  68, 000697
01 12:46, 150101 =>  020201,  57, 000977
01 13:19, 040101 =>  081101,  51, 000399
01 13:35, 040101 =>  040801,  25, 000444
01 14:00, 150101 =>  110201,  40, 000168
01 14:53, 150101 =>  021201,  83, 000299
01 15:19, 040101 =>  081301,  42, 000529
01 15:53, 150101 =>  021201,  54, 000642
01 16:28, 130101 =>  240101,  55, 000950
01 16:53, 150101 =>  101001,  40, 000251
01 16:57, 130101 =>  130801,   5, 000516
01 16:59, 040101 =>  080801,   4, 000944
01 17:24, 150101 =>  150401,  39, 000691
01 17:36, 150101 =>  022001,  19, 000190
01 17:45, 040101 =>  050401,  15, 000859
01 17:50, 040101 =>  080701,   7, 000819
01 18:09, 130101 =>  130801,  31, 000854
01 18:36, 040101 =>  081001,  42, 000929
01 18:45, 150101 =>  120701,  14, 000439
01 18:58, 040101 =>  210201,  21, 000267
01 19:07, 150101 =>  110301,  14, 000664
01 19:09, 150101 =>  190201,   3, 000785
01 19:22, 040101 =>  080601,  21, 000483
01 19:28, 150101 =>  020501,   9, 000175
01 19:31, 150101 =>  021001,   4, 000615
01 19:34, 150101 =>  150601,   6, 000868
01 19:39, 150101 =>  020401,   8, 000412
01 19:43, 150101 =>  120601,   5, 000444
01 20:06, 130101 =>  060201,  37, 000204
01 20:17, 130101 =>  130801,  18, 000577
01 20:19, 150101 =>  150501,   3, 000060
01 20:35, 130101 =>  130601,  25, 000429
01 01:25, 150101 =>  150801,  99, 000323
01 02:31, 040101 =>  250401,  76, 000823
01 03:00, 150101 =>  021601,  33, 000638
01 03:23, 040101 =>  250101,  27, 000102
01 04:07, 130101 =>  240201,  51, 000303
01 04:11, 040101 =>  050801,   4, 000275
01 05:35, 040101 =>  051001,  97, 000059
01 05:50, 150101 =>  100201,  17, 000857
01 06:00, 150101 =>  021001,  12, 000605
01 06:19, 040101 =>  050401,  22, 000613
01 06:45, 040101 =>  050201,  30, 000959
01 06:54, 150101 =>  090101,  10, 000043
01 07:22, 130101 =>  060701,  32, 000126
01 08:10, 150101 =>  190101,  56, 000764
01 08:55, 040101 =>  081201,  52, 000652
01 09:11, 040101 =>  250401,  18, 000975
01 09:41, 040101 =>  170101,  35, 000695
01 10:19, 150101 =>  020601,  44, 000705
01 10:37, 130101 =>  240101,  21, 000592
01 10:42, 150101 =>  090201,   5, 000935