01 00:03, 040101 =>  230301,   9, 000353
01 09:19, 130101 =>  220101,  27, 000478
01 01:45, 040101 =>  210401,  54, 000642
01 00:35, 150101 =>  110301,  79, 000909
01 01:02, 150101 =>  120401,  69, 000173
01 01:24, 150101 =>  110101,  53, 000200
01 02:02, 150101 =>  150701,  43, 000578
01 11:01, 150101 =>  150201,  37, 000767
01 11:38, 150101 =>  150601,  93, 000732
01 12:15, 040101 =>  050101,  92, 000453
01 14:50, 130101 =>  200601,  81, 000384
01 15:01, 150101 =>  120401,  27, 000610
01 15:36, 040101 =>  080301,  88, 000183
01 15:51, 040101 =>  080101,  36, 000423
01 16:17, 130101 =>  131201,  66, 000184
01 16:36, 150101 =>  022001,  46, 000429
01 16:42, 150101 =>  100701,  15, 000942
01 19:39, 040101 =>  080501,  34, 000627
01 19:41, 150101 =>  021201,   5, 000827
01 19:53, 040101 =>  211301,  31, 000367
01 19:57, 150101 =>  090601,   9, 000039
01 20:16, 040101 =>  080401,  49, 000160
01 20:21, 040101 =>  081201,  12, 000637
01 20:23, 130101 =>  130701,   5, 000165
01 20:32, 040101 =>  030401,  23, 000756
01 20:36, 150101 =>  090101,   8, 000907
01 20:41, 040101 =>  080601,  13, 000270
01 20:43, 150101 =>  120401,   6, 000785
01 20:45, 150101 =>  100101,   5, 000907
01 20:48, 040101 =>  030301,   7, 000436